100
2
10 11
3
0 9 9
4
81 67 83 86
3
11 22 30
1
0
1
5
1
999999
1
1000000
2
5 10
3
0 10 11
5
10 20 21 22 23
5
422808 211404 761062 845625 491519
5
8 56 10 42 33
5
86 54 29 79 98
5
96 57 89 73 30
5
41 48 32 90 0
5
37 39 38 36 43
5
20 40 88 55 32
5
98 47 53 83 32
5
15 45 80 16 3
5
10 6 41 48 27
5
36 17 70 30 89
10
68 87 91 96 94 3 12 6 20 58
10
63 59 25 28 56 52 37 96 71 94
10
65 5 70 79 5 68 27 38 77 94
10
4 62 32 56 59 43 16 55 84 21
10
26 27 45 11 40 100 14 20 75 94
10
93 8 43 90 90 54 32 57 39 95
10
80 44 42 19 58 3 64 49 77 75
10
31 6 47 0 95 44 98 73 36 53
10
44 97 87 64 63 100 52 29 67 36
10
72 74 46 42 19 40 80 54 5 56
5
921011 896052 990542 852728 993631
5
827104 858006 889816 982477 880337
5
862930 983183 919761 989827 953037
5
925513 950639 901666 890868 891439
5
960120 835893 891142 995688 941841
5
900910 886097 935804 968766 957247
5
831057 931968 990866 932035 969699
5
911579 861826 913172 911980 925947
5
982780 929501 878072 989762 857234
5
848319 962090 806764 989484 909018
10
895027 828251 873217 920689 889203 963385 808535 843723 842502 844150
10
937384 988349 836313 991671 892602 809850 960257 960215 881883 909486
10
990085 945755 950100 858818 812041 894397 910109 900912 848436 938334
10
983214 915365 975071 914641 866009 820413 802449 824421 899771 891106
10
915128 896118 993902 861341 869212 933224 890107 884160 912109 959688
10
979494 931982 933487 954520 878192 966525 803356 839128 843660 875138
10
811913 965878 912947 824698 932919 885441 846108 873800 834315 966993
10
846138 955054 976089 817475 952998 954766 903923 910977 891636 852843
10
943003 820801 941011 930353 897112 911118 816264 968813 837824 871843
10
845459 961242 841761 801648 853229 851712 957081 995291 858102 909184
10
66 19 891855 975671 67 802433 848334 832465 97 31
10
43 827636 26 58 910564 867575 800898 20 949720 95
10
904920 91 39 943497 910086 45 836447 923634 77 25
10
10 866021 94 24 908343 21 76 885638 900335 963427
10
922419 36 49 877124 913287 980524 47 61 999908 52
10
886895 95 802758 856157 22 983489 93 849942 35 46
10
956445 0 98 869694 810594 57 917923 49 822515 60
10
913937 13 921311 11 4 840036 36 842648 886785 59
10
62 987964 98 837524 19 21 985705 822713 956613 33
10
69 81 10 854956 800532 881842 12 5 842441 843557
10
821428 20 874700 981225 36 34 904062 58 6 842504
10
15 981952 863034 5 80 910062 69 921399 11 826956
10
850268 34 841188 93 45 856840 935042 31 48 863865
10
961819 91 904230 905563 852999 24 20 42 70 901095
10
44 875829 867889 858595 920533 93 14 965782 5 96
10
910665 986887 85 6 829979 76 915857 884874 53 58
10
39 41 92 6 896039 911600 894418 57 984232 877872
10
839775 919907 45 844119 20 14 3 819310 58 882581
10
28 15 959256 8 37 96 815197 947263 994683 975741
10
970914 811119 67 928448 94 44 840112 53 990234 6
8
932960 796171 453810 266015 585549 722205 390420 933585
9
28355 191985 40705 630330 227915 522320 919150 150390 268680
7
171410 798500 308500 283770 776842 238468 771205
7
380605 40516 562085 879632 78270 418640 982393
9
511005 465830 706245 459360 396010 831220 49135 556245 73425
8
519605 779960 91768 184877 861160 176025 141675 688545
8
674665 861625 660320 907830 764238 296300 95080 456705
9
171000 370618 548470 629361 218960 82650 419602 771590 14350
10
28115 913595 572110 664805 327975 284360 57000 83425 931860 662600
10
601995 932345 891695 579025 982910 1194 660190 340715 569005 415495
7
393105 602560 341300 433430 508990 430915 928873
9
503460 902844 158296 382000 538015 861580 590610 191980 113390
10
371305 419525 791421 221112 746136 689795 723225 340910 986320 330295
9
92885 43995 338285 892420 688504 603685 36782 104320 196275
9
924920 290480 551225 997156 581580 564560 309289 283880 298245
9
648165 974590 62949 949416 993830 908235 534425 960600 45230
7
230652 208710 253606 284365 220175 790375 179645
10
553105 228780 806375 143030 865605 926193 353970 891690 477958 507620
7
854645 860570 738125 935355 457570 563215 521490
10
412995 557955 327445 463160 200687 180445 759460 133375 954980 623510
5
531137 624711 226698 79465 521965
10
138357 544415 793058 935013 340220 70296 982144 675634 7278 449899
2
514816 40264
8
730275 422964 524840 641980 615695 233097 907801 940970
6
821767 262109 147088 50618 169785 865460
8
912875 100022 318099 144730 884387 683334 811341 19278
10
417349 727882 486731 511425 628601 544358 685720 715790 790590 610632
8
899766 519321 321959 256401 705824 758927 557753 249149
